10,223
10,131
10,13
10,173
10,273
10,107
10,133
10,147
11,27
11,17
11,29
11,7
11,19
9,5
8,9
8,14
8,10
48,4
48,3
48,2
48,1
48,0
47,3
47,2
47,1
47,0
46,3
46,2
46,1
46,0
45,5
45,4
45,3
45,2
45,1
45,0
44,4
44,3
44,2
44,1
44,0
42,5
42,4
42,3
42,2
42,1
42,0
39,5
39,4
39,3
39,2
39,1
39,0
37,5
37,4
37,3
37,2
37,1
37,0
35,5
35,4
35,1
35,3
25,3
25,1
20,3
20,2
20,1
19,3
19,2
19,1
12,3
12,2
12,1
11,26
11,14
11,12
11,10
11,6
11,4
11,3
11,2
11,1
18,1
10,308
18,3
10,268
10,264
10,242
10,224
10,136
14,1
10,114
14,3
10,20
13,1
10,3
10,2
13,3
10,1
9,7
9,6
9,4
9,3
9,2
